7 71456 
0 71416 
5 69643 
4 67418 
6 66727 
3 65763 
8 64995 
9 62170 
10 60675 
11 57555 
2 56151 
12 55256 
13 51808 
14 49249 
15 46248 
16 43643 
17 41646 
18 38715 
19 36854 
20 35087 
21 32633 
22 29293 
23 29120 
24 27138 
25 24876 
26 22959 
27 22103 
1 20727 
28 20699 
29 18936 
30 17898 
31 16158 
32 15252 
33 14174 
34 13417 
35 12164 
36 11293 
37 10423 
38 10053 
39 8994 
40 8710 
41 7957 
42 7210 
43 6870 
44 6450 
45 5808 
46 5467 
47 5137 
48 4710 
49 4537 
50 4272 
51 4041 
52 3530 
53 3098 
54 3005 
55 2966 
56 2938 
57 2530 
58 2467 
60 2136 
59 2120 
62 1832 
61 1763 
64 1661 
63 1657 
65 1453 
66 1377 
67 1228 
69 1210 
68 1180 
70 1143 
71 1021 
72 983 
74 849 
73 809 
75 733 
76 731 
77 674 
80 629 
78 568 
82 568 
79 539 
81 506 
84 504 
83 462 
87 395 
85 391 
86 386 
88 348 
90 344 
89 333 
92 309 
91 297 
93 268 
94 255 
95 226 
100 217 
99 211 
96 210 
97 204 
106 193 
102 179 
104 172 
98 163 
112 158 
118 146 
101 140 
115 136 
108 135 
103 127 
111 125 
110 124 
105 123 
109 115 
117 110 
120 105 
107 104 
123 101 
114 90 
113 90 
119 88 
127 84 
116 81 
124 79 
134 77 
130 76 
126 76 
133 70 
128 70 
121 65 
138 57 
144 57 
142 56 
129 55 
136 55 
140 53 
132 52 
149 52 
143 50 
125 49 
147 49 
169 47 
122 45 
137 45 
135 41 
146 41 
139 39 
148 39 
240 39 
145 37 
157 36 
150 34 
152 31 
131 30 
158 29 
161 29 
159 28 
164 28 
153 28 
154 27 
162 23 
156 23 
151 23 
182 23 
141 22 
160 21 
172 19 
175 19 
180 19 
168 18 
165 18 
179 18 
173 18 
170 17 
163 17 
171 17 
185 17 
166 16 
177 16 
167 16 
176 16 
189 15 
186 14 
178 14 
155 13 
191 13 
183 12 
219 12 
192 11 
229 11 
174 10 
200 9 
205 9 
187 9 
213 9 
181 8 
214 8 
184 8 
188 7 
199 6 
207 6 
220 6 
190 5 
197 5 
203 5 
236 5 
204 5 
233 5 
194 4 
208 4 
223 4 
212 3 
210 3 
216 3 
225 3 
198 3 
237 3 
221 2 
196 2 
193 2 
227 2 
226 2 
234 2 
209 2 
215 1 
232 1 
230 1 
217 1 
211 1 
